------------------------------Answering questions 1 and 2-----------------------
---------MatrixA-----------

1 0.5 
0.5 0.333333 
---------MatrixB-----------

4 -6 
-6 12 
---------MatrixC-----------

1 0 
0 1 
----------------------------
N: 2 Cn[N/2][N/2]: 1 Cn[N][N]: 1 T1Q1: 0
---------MatrixA-----------

1 0.5 0.333333 0.25 
0.5 0.333333 0.25 0.2 
0.333333 0.25 0.2 0.166667 
0.25 0.2 0.166667 0.142857 
---------MatrixB-----------

16 -120 240 -140 
-120 1200 -2700 1680 
240 -2700 6480 -4200 
-140 1680 -4200 2800 
---------MatrixC-----------

1 0 0 0 
0 1 0 0 
0 0 1 2.77556e-17 
0 0 0 1 
----------------------------
N: 4 Cn[N/2][N/2]: 1 Cn[N][N]: 1 T1Q1: 0
---------MatrixA-----------

1 0.5 0.333333 0.25 0.2 0.166667 0.142857 0.125 
0.5 0.333333 0.25 0.2 0.166667 0.142857 0.125 0.111111 
0.333333 0.25 0.2 0.166667 0.142857 0.125 0.111111 0.1 
0.25 0.2 0.166667 0.142857 0.125 0.111111 0.1 0.0909091 
0.2 0.166667 0.142857 0.125 0.111111 0.1 0.0909091 0.0833333 
0.166667 0.142857 0.125 0.111111 0.1 0.0909091 0.0833333 0.0769231 
0.142857 0.125 0.111111 0.1 0.0909091 0.0833333 0.0769231 0.0714286 
0.125 0.111111 0.1 0.0909091 0.0833333 0.0769231 0.0714286 0.0666667 
---------MatrixB-----------

64 -2016 20160 -92400 221760 -288288 192192 -51480 
-2016 84672 -952560 4.65696e+06 -1.16424e+07 1.55676e+07 -1.05946e+07 2.88288e+06 
20160 -952560 1.14307e+07 -5.8212e+07 1.49688e+08 -2.04324e+08 1.41261e+08 -3.89189e+07 
-92400 4.65696e+06 -5.8212e+07 3.0492e+08 -8.00415e+08 1.10991e+09 -7.76936e+08 2.16216e+08 
221760 -1.16424e+07 1.49688e+08 -8.00415e+08 2.13444e+09 -2.99675e+09 2.11892e+09 -5.94594e+08 
-288288 1.55676e+07 -2.04324e+08 1.10991e+09 -2.99675e+09 4.24994e+09 -3.03005e+09 8.56215e+08 
192192 -1.05946e+07 1.41261e+08 -7.76936e+08 2.11892e+09 -3.03005e+09 2.17542e+09 -6.18378e+08 
-51480 2.88288e+06 -3.89189e+07 2.16216e+08 -5.94594e+08 8.56215e+08 -6.18378e+08 1.76679e+08 
---------MatrixC-----------

1 0 0 0 0 0 0 0 
0 1 0 0 0 0 0 0 
-1.77636e-15 0 1 0 0 0 0 0 
1.77636e-15 0 0 1 0 0 0 0 
-8.88178e-16 5.68434e-14 0 0 1 0 0 0 
0 0 0 0 0 1 0 0 
-4.44089e-16 0 0 0 0 0 1 0 
-2.22045e-16 1.42109e-14 -2.27374e-13 9.09495e-13 -3.63798e-12 3.63798e-12 -3.63798e-12 1 
----------------------------
N: 8 Cn[N/2][N/2]: 1 Cn[N][N]: 1 T1Q1: 0
---------MatrixA-----------

1 0.5 0.333333 0.25 0.2 0.166667 0.142857 0.125 0.111111 0.1 0.0909091 0.0833333 0.0769231 0.0714286 0.0666667 0.0625 
0.5 0.333333 0.25 0.2 0.166667 0.142857 0.125 0.111111 0.1 0.0909091 0.0833333 0.0769231 0.0714286 0.0666667 0.0625 0.0588235 
0.333333 0.25 0.2 0.166667 0.142857 0.125 0.111111 0.1 0.0909091 0.0833333 0.0769231 0.0714286 0.0666667 0.0625 0.0588235 0.0555556 
0.25 0.2 0.166667 0.142857 0.125 0.111111 0.1 0.0909091 0.0833333 0.0769231 0.0714286 0.0666667 0.0625 0.0588235 0.0555556 0.0526316 
0.2 0.166667 0.142857 0.125 0.111111 0.1 0.0909091 0.0833333 0.0769231 0.0714286 0.0666667 0.0625 0.0588235 0.0555556 0.0526316 0.05 
0.166667 0.142857 0.125 0.111111 0.1 0.0909091 0.0833333 0.0769231 0.0714286 0.0666667 0.0625 0.0588235 0.0555556 0.0526316 0.05 0.047619 
0.142857 0.125 0.111111 0.1 0.0909091 0.0833333 0.0769231 0.0714286 0.0666667 0.0625 0.0588235 0.0555556 0.0526316 0.05 0.047619 0.0454545 
0.125 0.111111 0.1 0.0909091 0.0833333 0.0769231 0.0714286 0.0666667 0.0625 0.0588235 0.0555556 0.0526316 0.05 0.047619 0.0454545 0.0434783 
0.111111 0.1 0.0909091 0.0833333 0.0769231 0.0714286 0.0666667 0.0625 0.0588235 0.0555556 0.0526316 0.05 0.047619 0.0454545 0.0434783 0.0416667 
0.1 0.0909091 0.0833333 0.0769231 0.0714286 0.0666667 0.0625 0.0588235 0.0555556 0.0526316 0.05 0.047619 0.0454545 0.0434783 0.0416667 0.04 
0.0909091 0.0833333 0.0769231 0.0714286 0.0666667 0.0625 0.0588235 0.0555556 0.0526316 0.05 0.047619 0.0454545 0.0434783 0.0416667 0.04 0.0384615 
0.0833333 0.0769231 0.0714286 0.0666667 0.0625 0.0588235 0.0555556 0.0526316 0.05 0.047619 0.0454545 0.0434783 0.0416667 0.04 0.0384615 0.037037 
0.0769231 0.0714286 0.0666667 0.0625 0.0588235 0.0555556 0.0526316 0.05 0.047619 0.0454545 0.0434783 0.0416667 0.04 0.0384615 0.037037 0.0357143 
0.0714286 0.0666667 0.0625 0.0588235 0.0555556 0.0526316 0.05 0.047619 0.0454545 0.0434783 0.0416667 0.04 0.0384615 0.037037 0.0357143 0.0344828 
0.0666667 0.0625 0.0588235 0.0555556 0.0526316 0.05 0.047619 0.0454545 0.0434783 0.0416667 0.04 0.0384615 0.037037 0.0357143 0.0344828 0.0333333 
0.0625 0.0588235 0.0555556 0.0526316 0.05 0.047619 0.0454545 0.0434783 0.0416667 0.04 0.0384615 0.037037 0.0357143 0.0344828 0.0333333 0.0322581 
---------MatrixB-----------

256 -32640 1.37088e+06 -2.82173e+07 3.38607e+08 -2.60728e+09 1.36572e+10 -5.04827e+10 1.34621e+11 -2.61762e+11 3.71227e+11 -3.79664e+11 2.72579e+11 -1.30299e+11 3.72282e+10 -4.80864e+09 
-32640 5.5488e+06 -2.62181e+08 5.75633e+09 -7.19541e+10 5.69876e+11 -3.04725e+12 1.14428e+13 -3.08954e+13 6.06813e+13 -8.67742e+13 8.93669e+13 -6.45428e+13 3.10111e+13 -8.89987e+12 1.15407e+12 
1.37088e+06 -2.62181e+08 1.32139e+10 -3.02207e+11 3.88552e+12 -3.14144e+13 1.70646e+14 -6.48804e+14 1.76947e+15 -3.50434e+15 5.04625e+15 -5.22797e+15 3.79512e+15 -1.83159e+15 5.2771e+14 -6.86674e+13 
-2.82173e+07 5.75633e+09 -3.02207e+11 7.10906e+12 -9.33064e+13 7.66357e+14 -4.21496e+15 1.61873e+16 -4.45152e+16 8.87767e+16 -1.28599e+17 1.33913e+17 -9.76452e+16 4.73102e+16 -1.36781e+16 1.78535e+15 
3.38607e+08 -7.19541e+10 3.88552e+12 -9.33064e+13 1.24409e+15 -1.03458e+16 5.74768e+16 -2.22576e+17 6.16364e+17 -1.23653e+18 1.80039e+18 -1.88316e+18 1.37852e+18 -6.70227e+17 1.94373e+17 -2.54413e+16 
-2.60728e+09 5.69876e+11 -3.14144e+13 7.66357e+14 -1.03458e+16 8.69049e+16 -4.86828e+17 1.8984e+18 -5.2884e+18 1.06639e+19 -1.55959e+19 1.63768e+19 -1.20299e+19 5.86696e+18 -1.70621e+18 2.23883e+17 
1.36572e+10 -3.04725e+12 1.70646e+14 -4.21496e+15 5.74768e+16 -4.86828e+17 2.74621e+18 -1.07727e+19 3.01635e+19 -6.1095e+19 8.97018e+19 -9.45205e+19 6.96467e+19 -3.4061e+19 9.93031e+18 -1.30599e+18 
-5.04827e+10 1.14428e+13 -6.48804e+14 1.61873e+16 -2.22576e+17 1.8984e+18 -1.07727e+19 4.24751e+19 -1.19461e+20 2.42913e+20 -3.57892e+20 3.78285e+20 -2.79511e+20 1.37038e+20 -4.00436e+19 5.27725e+18 
1.34621e+11 -3.08954e+13 1.76947e+15 -4.45152e+16 6.16364e+17 -5.2884e+18 3.01635e+19 -1.19461e+20 3.37302e+20 -6.88254e+20 1.01717e+21 -1.07811e+21 7.98602e+20 -3.92428e+20 1.14908e+20 -1.51721e+19 
-2.61762e+11 6.06813e+13 -3.50434e+15 8.87767e+16 -1.23653e+18 1.06639e+19 -6.1095e+19 2.42913e+20 -6.88254e+20 1.40871e+21 -2.0877e+21 2.21834e+21 -1.64695e+21 8.10975e+20 -2.37914e+20 3.1468e+19 
3.71227e+11 -8.67742e+13 5.04625e+15 -1.28599e+17 1.80039e+18 -1.55959e+19 8.97018e+19 -3.57892e+20 1.01717e+21 -2.0877e+21 3.10173e+21 -3.30331e+21 2.45753e+21 -1.21241e+21 3.56299e+20 -4.72021e+19 
-3.79664e+11 8.93669e+13 -5.22797e+15 1.33913e+17 -1.88316e+18 1.63768e+19 -9.45205e+19 3.78285e+20 -1.07811e+21 2.21834e+21 -3.30331e+21 3.52527e+21 -2.62763e+21 1.29858e+21 -3.82235e+20 5.0713e+19 
2.72579e+11 -6.45428e+13 3.79512e+15 -9.76452e+16 1.37852e+18 -1.20299e+19 6.96467e+19 -2.79511e+20 7.98602e+20 -1.64695e+21 2.45753e+21 -2.62763e+21 1.96197e+21 -9.71159e+20 2.86283e+20 -3.80347e+19 
-1.30299e+11 3.10111e+13 -1.83159e+15 4.73102e+16 -6.70227e+17 5.86696e+18 -3.4061e+19 1.37038e+20 -3.92428e+20 8.10975e+20 -1.21241e+21 1.29858e+21 -9.71159e+20 4.81429e+20 -1.42113e+20 1.89048e+19 
3.72282e+10 -8.89987e+12 5.2771e+14 -1.36781e+16 1.94373e+17 -1.70621e+18 9.93031e+18 -4.00436e+19 1.14908e+20 -2.37914e+20 3.56299e+20 -3.82235e+20 2.86283e+20 -1.42113e+20 4.20038e+19 -5.59429e+18 
-4.80864e+09 1.15407e+12 -6.86674e+13 1.78535e+15 -2.54413e+16 2.23883e+17 -1.30599e+18 5.27725e+18 -1.51721e+19 3.1468e+19 -4.72021e+19 5.0713e+19 -3.80347e+19 1.89048e+19 -5.59429e+18 7.45905e+17 
---------MatrixC-----------

1 9.61125e-07 -5.55515e-05 0.00140381 -0.0136719 0.110352 -0.875 3.53125 -9.125 15.25 -18.25 52 7.5 16 -1.75 -1.03125 
-5.58794e-09 1 -3.45707e-05 0.000732422 -0.0185547 0.149414 -0.5625 2.28125 -9.625 2.25 -28.25 86 -12.5 16.5 0 -0.75 
-5.58794e-09 2.45869e-07 0.999988 0 0.000976562 -0.0693359 -0.4375 1.78125 4.375 8.25 -12.25 54 15.625 6.5 -1.5 -0.75 
-5.58794e-09 9.574e-07 -5.74589e-05 1.00098 -0.0146484 0.118164 -0.9375 3.76562 -7.5625 32.125 -12.25 70 -8.375 19 -3.5 -0.5 
-1.86265e-09 7.45058e-09 1.66893e-06 0 1.00098 -0.00683594 0.03125 -0.09375 0.375 8.25 13.75 54 -0.375 11 1 -0.75 
-5.326e-09 6.85453e-07 -4.22001e-05 0.000976562 -0.0146484 1.11816 -0.6875 2.0625 -8.1875 16.125 -17.125 74 -0.375 18.5 -1.28125 -0.304688 
-3.87081e-09 3.50177e-07 -1.21593e-05 0.000183105 -0.00793457 0.0244141 0.53125 1.03125 -1.625 4.25 2.75 53.625 8.625 10.125 -1 -0.472656 
-2.44472e-09 3.31551e-07 -9.77516e-06 6.10352e-05 -0.00878906 0.0556641 -0.4375 2.76562 -3.5625 8.125 6.875 44 7.625 5 -1.125 -0.5 
-3.25963e-09 2.45869e-07 -3.6478e-05 0.000732422 -0.00732422 0.0556641 -0.46875 1.90625 -3.625 16.25 -13.25 67 -4.375 17 -1 -0.5 
-1.1205e-09 2.42144e-07 -3.8147e-06 0 -0.00292969 0.0615234 -0.1875 0.765625 -3.5625 0.125 6.875 10 7.75 3 1 -0.625 
-2.50293e-09 3.53903e-07 -2.93255e-05 0.000488281 -0.00732422 0.059082 -0.46875 1.89062 -3.8125 16.125 -26.125 55 -4.375 17.625 -0.6875 -0.181641 
-1.94996e-09 3.01749e-07 -1.16825e-05 0 -0.00732422 0.059082 -0.21875 0.890625 -3.84375 -1.125 6.875 19 3.625 5.5 0.5 -0.5625 
-3.52156e-09 5.1409e-07 -2.86102e-05 0.000732422 -0.00732422 0.059082 -0.46875 2.10938 -3.25 16.125 -13.125 51 -0.25 13 -2.21875 -0.197266 
-1.97906e-09 2.42144e-07 -1.33514e-05 0.000244141 0.000488281 -0.00341797 -0.21875 0.765625 -0.0625 0.125 1.875 19 3.75 5 0.125 -0.59375 
-3.73984e-09 2.45869e-07 -1.35899e-05 0.000247955 -0.00738525 0.0908203 -0.222656 0.90625 -3.84375 8.1875 -14.25 43.125 -2.375 8.5 -0.015625 -0.248047 
-2.67755e-09 2.42144e-07 -1.23978e-05 0.000213623 -0.00292969 0.0551758 -0.1875 0.765625 -3.5625 7.625 -1.125 30 -2.25 6 0.125 0.609375 
----------------------------
N: 16 Cn[N/2][N/2]: 2.76562 Cn[N][N]: 0.609375 T1Q1: 0
---------MatrixA-----------

1 0.5 0.333333 0.25 0.2 0.166667 0.142857 0.125 0.111111 0.1 0.0909091 0.0833333 0.0769231 0.0714286 0.0666667 0.0625 0.0588235 0.0555556 0.0526316 0.05 0.047619 0.0454545 0.0434783 0.0416667 0.04 0.0384615 0.037037 0.0357143 0.0344828 0.0333333 0.0322581 0.03125 
0.5 0.333333 0.25 0.2 0.166667 0.142857 0.125 0.111111 0.1 0.0909091 0.0833333 0.0769231 0.0714286 0.0666667 0.0625 0.0588235 0.0555556 0.0526316 0.05 0.047619 0.0454545 0.0434783 0.0416667 0.04 0.0384615 0.037037 0.0357143 0.0344828 0.0333333 0.0322581 0.03125 0.030303 
0.333333 0.25 0.2 0.166667 0.142857 0.125 0.111111 0.1 0.0909091 0.0833333 0.0769231 0.0714286 0.0666667 0.0625 0.0588235 0.0555556 0.0526316 0.05 0.047619 0.0454545 0.0434783 0.0416667 0.04 0.0384615 0.037037 0.0357143 0.0344828 0.0333333 0.0322581 0.03125 0.030303 0.0294118 
0.25 0.2 0.166667 0.142857 0.125 0.111111 0.1 0.0909091 0.0833333 0.0769231 0.0714286 0.0666667 0.0625 0.0588235 0.0555556 0.0526316 0.05 0.047619 0.0454545 0.0434783 0.0416667 0.04 0.0384615 0.037037 0.0357143 0.0344828 0.0333333 0.0322581 0.03125 0.030303 0.0294118 0.0285714 
0.2 0.166667 0.142857 0.125 0.111111 0.1 0.0909091 0.0833333 0.0769231 0.0714286 0.0666667 0.0625 0.0588235 0.0555556 0.0526316 0.05 0.047619 0.0454545 0.0434783 0.0416667 0.04 0.0384615 0.037037 0.0357143 0.0344828 0.0333333 0.0322581 0.03125 0.030303 0.0294118 0.0285714 0.0277778 
0.166667 0.142857 0.125 0.111111 0.1 0.0909091 0.0833333 0.0769231 0.0714286 0.0666667 0.0625 0.0588235 0.0555556 0.0526316 0.05 0.047619 0.0454545 0.0434783 0.0416667 0.04 0.0384615 0.037037 0.0357143 0.0344828 0.0333333 0.0322581 0.03125 0.030303 0.0294118 0.0285714 0.0277778 0.027027 
0.142857 0.125 0.111111 0.1 0.0909091 0.0833333 0.0769231 0.0714286 0.0666667 0.0625 0.0588235 0.0555556 0.0526316 0.05 0.047619 0.0454545 0.0434783 0.0416667 0.04 0.0384615 0.037037 0.0357143 0.0344828 0.0333333 0.0322581 0.03125 0.030303 0.0294118 0.0285714 0.0277778 0.027027 0.0263158 
0.125 0.111111 0.1 0.0909091 0.0833333 0.0769231 0.0714286 0.0666667 0.0625 0.0588235 0.0555556 0.0526316 0.05 0.047619 0.0454545 0.0434783 0.0416667 0.04 0.0384615 0.037037 0.0357143 0.0344828 0.0333333 0.0322581 0.03125 0.030303 0.0294118 0.0285714 0.0277778 0.027027 0.0263158 0.025641 
0.111111 0.1 0.0909091 0.0833333 0.0769231 0.0714286 0.0666667 0.0625 0.0588235 0.0555556 0.0526316 0.05 0.047619 0.0454545 0.0434783 0.0416667 0.04 0.0384615 0.037037 0.0357143 0.0344828 0.0333333 0.0322581 0.03125 0.030303 0.0294118 0.0285714 0.0277778 0.027027 0.0263158 0.025641 0.025 
0.1 0.0909091 0.0833333 0.0769231 0.0714286 0.0666667 0.0625 0.0588235 0.0555556 0.0526316 0.05 0.047619 0.0454545 0.0434783 0.0416667 0.04 0.0384615 0.037037 0.0357143 0.0344828 0.0333333 0.0322581 0.03125 0.030303 0.0294118 0.0285714 0.0277778 0.027027 0.0263158 0.025641 0.025 0.0243902 
0.0909091 0.0833333 0.0769231 0.0714286 0.0666667 0.0625 0.0588235 0.0555556 0.0526316 0.05 0.047619 0.0454545 0.0434783 0.0416667 0.04 0.0384615 0.037037 0.0357143 0.0344828 0.0333333 0.0322581 0.03125 0.030303 0.0294118 0.0285714 0.0277778 0.027027 0.0263158 0.025641 0.025 0.0243902 0.0238095 
0.0833333 0.0769231 0.0714286 0.0666667 0.0625 0.0588235 0.0555556 0.0526316 0.05 0.047619 0.0454545 0.0434783 0.0416667 0.04 0.0384615 0.037037 0.0357143 0.0344828 0.0333333 0.0322581 0.03125 0.030303 0.0294118 0.0285714 0.0277778 0.027027 0.0263158 0.025641 0.025 0.0243902 0.0238095 0.0232558 
0.0769231 0.0714286 0.0666667 0.0625 0.0588235 0.0555556 0.0526316 0.05 0.047619 0.0454545 0.0434783 0.0416667 0.04 0.0384615 0.037037 0.0357143 0.0344828 0.0333333 0.0322581 0.03125 0.030303 0.0294118 0.0285714 0.0277778 0.027027 0.0263158 0.025641 0.025 0.0243902 0.0238095 0.0232558 0.0227273 
0.0714286 0.0666667 0.0625 0.0588235 0.0555556 0.0526316 0.05 0.047619 0.0454545 0.0434783 0.0416667 0.04 0.0384615 0.037037 0.0357143 0.0344828 0.0333333 0.0322581 0.03125 0.030303 0.0294118 0.0285714 0.0277778 0.027027 0.0263158 0.025641 0.025 0.0243902 0.0238095 0.0232558 0.0227273 0.0222222 
0.0666667 0.0625 0.0588235 0.0555556 0.0526316 0.05 0.047619 0.0454545 0.0434783 0.0416667 0.04 0.0384615 0.037037 0.0357143 0.0344828 0.0333333 0.0322581 0.03125 0.030303 0.0294118 0.0285714 0.0277778 0.027027 0.0263158 0.025641 0.025 0.0243902 0.0238095 0.0232558 0.0227273 0.0222222 0.0217391 
0.0625 0.0588235 0.0555556 0.0526316 0.05 0.047619 0.0454545 0.0434783 0.0416667 0.04 0.0384615 0.037037 0.0357143 0.0344828 0.0333333 0.0322581 0.03125 0.030303 0.0294118 0.0285714 0.0277778 0.027027 0.0263158 0.025641 0.025 0.0243902 0.0238095 0.0232558 0.0227273 0.0222222 0.0217391 0.0212766 
0.0588235 0.0555556 0.0526316 0.05 0.047619 0.0454545 0.0434783 0.0416667 0.04 0.0384615 0.037037 0.0357143 0.0344828 0.0333333 0.0322581 0.03125 0.030303 0.0294118 0.0285714 0.0277778 0.027027 0.0263158 0.025641 0.025 0.0243902 0.0238095 0.0232558 0.0227273 0.0222222 0.0217391 0.0212766 0.0208333 
0.0555556 0.0526316 0.05 0.047619 0.0454545 0.0434783 0.0416667 0.04 0.0384615 0.037037 0.0357143 0.0344828 0.0333333 0.0322581 0.03125 0.030303 0.0294118 0.0285714 0.0277778 0.027027 0.0263158 0.025641 0.025 0.0243902 0.0238095 0.0232558 0.0227273 0.0222222 0.0217391 0.0212766 0.0208333 0.0204082 
0.0526316 0.05 0.047619 0.0454545 0.0434783 0.0416667 0.04 0.0384615 0.037037 0.0357143 0.0344828 0.0333333 0.0322581 0.03125 0.030303 0.0294118 0.0285714 0.0277778 0.027027 0.0263158 0.025641 0.025 0.0243902 0.0238095 0.0232558 0.0227273 0.0222222 0.0217391 0.0212766 0.0208333 0.0204082 0.02 
0.05 0.047619 0.0454545 0.0434783 0.0416667 0.04 0.0384615 0.037037 0.0357143 0.0344828 0.0333333 0.0322581 0.03125 0.030303 0.0294118 0.0285714 0.0277778 0.027027 0.0263158 0.025641 0.025 0.0243902 0.0238095 0.0232558 0.0227273 0.0222222 0.0217391 0.0212766 0.0208333 0.0204082 0.02 0.0196078 
0.047619 0.0454545 0.0434783 0.0416667 0.04 0.0384615 0.037037 0.0357143 0.0344828 0.0333333 0.0322581 0.03125 0.030303 0.0294118 0.0285714 0.0277778 0.027027 0.0263158 0.025641 0.025 0.0243902 0.0238095 0.0232558 0.0227273 0.0222222 0.0217391 0.0212766 0.0208333 0.0204082 0.02 0.0196078 0.0192308 
0.0454545 0.0434783 0.0416667 0.04 0.0384615 0.037037 0.0357143 0.0344828 0.0333333 0.0322581 0.03125 0.030303 0.0294118 0.0285714 0.0277778 0.027027 0.0263158 0.025641 0.025 0.0243902 0.0238095 0.0232558 0.0227273 0.0222222 0.0217391 0.0212766 0.0208333 0.0204082 0.02 0.0196078 0.0192308 0.0188679 
0.0434783 0.0416667 0.04 0.0384615 0.037037 0.0357143 0.0344828 0.0333333 0.0322581 0.03125 0.030303 0.0294118 0.0285714 0.0277778 0.027027 0.0263158 0.025641 0.025 0.0243902 0.0238095 0.0232558 0.0227273 0.0222222 0.0217391 0.0212766 0.0208333 0.0204082 0.02 0.0196078 0.0192308 0.0188679 0.0185185 
0.0416667 0.04 0.0384615 0.037037 0.0357143 0.0344828 0.0333333 0.0322581 0.03125 0.030303 0.0294118 0.0285714 0.0277778 0.027027 0.0263158 0.025641 0.025 0.0243902 0.0238095 0.0232558 0.0227273 0.0222222 0.0217391 0.0212766 0.0208333 0.0204082 0.02 0.0196078 0.0192308 0.0188679 0.0185185 0.0181818 
0.04 0.0384615 0.037037 0.0357143 0.0344828 0.0333333 0.0322581 0.03125 0.030303 0.0294118 0.0285714 0.0277778 0.027027 0.0263158 0.025641 0.025 0.0243902 0.0238095 0.0232558 0.0227273 0.0222222 0.0217391 0.0212766 0.0208333 0.0204082 0.02 0.0196078 0.0192308 0.0188679 0.0185185 0.0181818 0.0178571 
0.0384615 0.037037 0.0357143 0.0344828 0.0333333 0.0322581 0.03125 0.030303 0.0294118 0.0285714 0.0277778 0.027027 0.0263158 0.025641 0.025 0.0243902 0.0238095 0.0232558 0.0227273 0.0222222 0.0217391 0.0212766 0.0208333 0.0204082 0.02 0.0196078 0.0192308 0.0188679 0.0185185 0.0181818 0.0178571 0.0175439 
0.037037 0.0357143 0.0344828 0.0333333 0.0322581 0.03125 0.030303 0.0294118 0.0285714 0.0277778 0.027027 0.0263158 0.025641 0.025 0.0243902 0.0238095 0.0232558 0.0227273 0.0222222 0.0217391 0.0212766 0.0208333 0.0204082 0.02 0.0196078 0.0192308 0.0188679 0.0185185 0.0181818 0.0178571 0.0175439 0.0172414 
0.0357143 0.0344828 0.0333333 0.0322581 0.03125 0.030303 0.0294118 0.0285714 0.0277778 0.027027 0.0263158 0.025641 0.025 0.0243902 0.0238095 0.0232558 0.0227273 0.0222222 0.0217391 0.0212766 0.0208333 0.0204082 0.02 0.0196078 0.0192308 0.0188679 0.0185185 0.0181818 0.0178571 0.0175439 0.0172414 0.0169492 
0.0344828 0.0333333 0.0322581 0.03125 0.030303 0.0294118 0.0285714 0.0277778 0.027027 0.0263158 0.025641 0.025 0.0243902 0.0238095 0.0232558 0.0227273 0.0222222 0.0217391 0.0212766 0.0208333 0.0204082 0.02 0.0196078 0.0192308 0.0188679 0.0185185 0.0181818 0.0178571 0.0175439 0.0172414 0.0169492 0.0166667 
0.0333333 0.0322581 0.03125 0.030303 0.0294118 0.0285714 0.0277778 0.027027 0.0263158 0.025641 0.025 0.0243902 0.0238095 0.0232558 0.0227273 0.0222222 0.0217391 0.0212766 0.0208333 0.0204082 0.02 0.0196078 0.0192308 0.0188679 0.0185185 0.0181818 0.0178571 0.0175439 0.0172414 0.0169492 0.0166667 0.0163934 
0.0322581 0.03125 0.030303 0.0294118 0.0285714 0.0277778 0.027027 0.0263158 0.025641 0.025 0.0243902 0.0238095 0.0232558 0.0227273 0.0222222 0.0217391 0.0212766 0.0208333 0.0204082 0.02 0.0196078 0.0192308 0.0188679 0.0185185 0.0181818 0.0178571 0.0175439 0.0172414 0.0169492 0.0166667 0.0163934 0.016129 
0.03125 0.030303 0.0294118 0.0285714 0.0277778 0.027027 0.0263158 0.025641 0.025 0.0243902 0.0238095 0.0232558 0.0227273 0.0222222 0.0217391 0.0212766 0.0208333 0.0204082 0.02 0.0196078 0.0192308 0.0188679 0.0185185 0.0181818 0.0178571 0.0175439 0.0172414 0.0169492 0.0166667 0.0163934 0.016129 0.015873 
---------MatrixB-----------

1024 -523776 8.90419e+07 -7.53146e+09 3.79586e+11 -1.26402e+13 2.97346e+14 -5.177e+15 6.90267e+16 -7.23246e+17 6.07527e+18 -4.15604e+19 2.34443e+20 -1.10137e+21 4.34253e+21 -1.4457e+22 4.08198e+22 -9.80476e+22 2.00682e+23 -3.50138e+23 5.20205e+23 -6.56449e+23 7.00558e+23 -6.28218e+23 4.69069e+23 -2.87936e+23 1.42738e+23 -5.56979e+22 1.64624e+22 -3.46279e+21 4.61705e+20 -2.9322e+19 
-523776 3.57215e+08 -6.83174e+10 6.16375e+12 -3.23597e+14 1.10837e+16 -2.66162e+17 4.70762e+18 -6.35529e+19 6.72619e+20 -5.69708e+21 3.92458e+22 -2.22704e+23 1.05159e+24 -4.16476e+24 1.39196e+25 -3.94387e+25 9.50236e+25 -1.95033e+26 3.41134e+26 -5.0798e+26 6.42349e+26 -6.86809e+26 6.1696e+26 -4.61402e+26 2.83649e+26 -1.40806e+26 5.50141e+25 -1.62797e+25 3.42816e+24 -4.57564e+23 2.90874e+22 
8.90419e+07 -6.83174e+10 1.39368e+13 -1.3098e+15 7.0729e+16 -2.47304e+18 6.033e+19 -1.0804e+21 1.47327e+22 -1.57225e+23 1.34101e+24 -9.29284e+24 5.30036e+25 -2.51395e+26 9.99543e+26 -3.35229e+27 9.52757e+27 -2.30195e+28 4.73652e+28 -8.30351e+28 1.23903e+29 -1.56974e+29 1.68131e+29 -1.51274e+29 1.133e+29 -6.97473e+28 3.46673e+28 -1.3561e+28 4.01741e+27 -8.46862e+26 1.13143e+26 -7.19913e+24 
-7.53146e+09 6.16375e+12 -1.3098e+15 1.26614e+17 -6.97958e+18 2.47915e+20 -6.12349e+21 1.10768e+23 -1.52306e+24 1.63675e+25 -1.40433e+26 9.78157e+26 -5.60403e+27 2.6684e+28 -1.06464e+29 3.58166e+29 -1.02077e+30 2.47246e+30 -5.09893e+30 8.95737e+30 -1.33913e+31 1.69951e+31 -1.82321e+31 1.64285e+31 -1.23213e+31 7.59471e+30 -3.77938e+30 1.48004e+30 -4.38916e+29 9.26131e+28 -1.23847e+28 7.88705e+26 
3.79586e+11 -3.23597e+14 7.0729e+16 -6.97958e+18 3.90856e+20 -1.40568e+22 3.50709e+23 -6.39686e+24 8.85719e+25 -9.57499e+26 8.25747e+27 -5.77724e+28 3.32286e+29 -1.5877e+30 6.3542e+30 -2.14362e+31 6.12464e+31 -1.48685e+32 3.07266e+32 -5.40801e+32 8.09904e+32 -1.02951e+33 1.10608e+33 -9.98029e+32 7.49478e+32 -4.62518e+32 2.3042e+32 -9.03289e+31 2.68138e+31 -5.66302e+30 7.57946e+29 -4.83082e+28 
-1.26402e+13 1.10837e+16 -2.47304e+18 2.47915e+20 -1.40568e+22 5.10644e+23 -1.28465e+25 2.35956e+26 -3.28652e+27 3.57109e+28 -3.09345e+29 2.17279e+30 -1.25405e+31 6.01052e+31 -2.41218e+32 8.15802e+32 -2.33616e+33 5.68312e+33 -1.17668e+34 2.0746e+34 -3.1119e+34 3.96155e+34 -4.26206e+34 3.8506e+34 -2.89508e+34 1.7886e+34 -8.91985e+33 3.50016e+33 -1.03996e+33 2.19829e+32 -2.94462e+31 1.87822e+30 
2.97346e+14 -2.66162e+17 6.033e+19 -6.12349e+21 3.50709e+23 -1.28465e+25 3.25444e+26 -6.01312e+27 8.41837e+28 -9.18811e+29 7.99041e+30 -5.63181e+31 3.26052e+32 -1.56708e+33 6.30485e+33 -2.13715e+34 6.1327e+34 -1.49471e+35 3.10015e+35 -5.47464e+35 8.22412e+35 -1.0484e+36 1.12936e+36 -1.02155e+36 7.68909e+35 -4.75532e+35 2.37382e+35 -9.32347e+34 2.77258e+34 -5.86549e+33 7.86293e+32 -5.01903e+31 
-5.177e+15 4.70762e+18 -1.0804e+21 1.10768e+23 -6.39686e+24 2.35956e+26 -6.01312e+27 1.11672e+29 -1.57039e+30 1.7207e+31 -1.5016e+32 1.06164e+33 -6.16338e+33 2.96968e+34 -1.19751e+35 4.06761e+35 -1.16944e+36 2.85521e+36 -5.9314e+36 1.04899e+37 -1.57799e+37 2.01416e+37 -2.1723e+37 1.96711e+37 -1.48216e+37 9.17538e+36 -4.5845e+36 1.80218e+36 -5.36362e+35 1.13557e+35 -1.52339e+34 9.73077e+32 
6.90267e+16 -6.35529e+19 1.47327e+22 -1.52306e+24 8.85719e+25 -3.28652e+27 8.41837e+28 -1.57039e+30 2.21702e+31 -2.43766e+32 2.13385e+33 -1.51283e+34 8.80483e+34 -4.25204e+35 1.71817e+36 -5.84719e+36 1.68399e+37 -4.11809e+37 8.56758e+37 -1.5173e+38 2.28536e+38 -2.92053e+38 3.15333e+38 -2.85845e+38 2.15587e+38 -1.33583e+38 6.68027e+37 -2.62817e+37 7.82798e+36 -1.65853e+36 2.22649e+35 -1.42312e+34 
-7.23246e+17 6.72619e+20 -1.57225e+23 1.63675e+25 -9.57499e+26 3.57109e+28 -9.18811e+29 1.7207e+31 -2.43766e+32 2.68856e+33 -2.36001e+34 1.67737e+35 -9.78463e+35 4.73499e+36 -1.91694e+37 6.53499e+37 -1.88509e+38 4.6167e+38 -9.61813e+38 1.70552e+39 -2.57193e+39 3.29039e+39 -3.55638e+39 3.22696e+39 -2.43604e+39 1.51073e+39 -7.56112e+38 2.97702e+38 -8.87349e+37 1.88135e+37 -2.52727e+36 1.61639e+35 
6.07527e+18 -5.69708e+21 1.34101e+24 -1.40433e+26 8.25747e+27 -3.09345e+29 7.99041e+30 -1.5016e+32 2.13385e+33 -2.36001e+34 2.07681e+35 -1.47944e+36 8.64791e+36 -4.19283e+37 1.70041e+38 -5.80609e+38 1.67731e+39 -4.11348e+39 8.5807e+39 -1.52337e+40 2.2998e+40 -2.94531e+40 3.18652e+40 -2.89401e+40 2.18659e+40 -1.35714e+40 6.79765e+39 -2.67838e+39 7.98887e+38 -1.6949e+38 2.27825e+37 -1.45798e+36 
-4.15604e+19 3.92458e+22 -9.29284e+24 9.78157e+26 -5.77724e+28 2.17279e+30 -5.63181e+31 1.06164e+33 -1.51283e+34 1.67737e+35 -1.47944e+36 1.05607e+37 -6.18486e+37 3.00387e+38 -1.22017e+39 4.17249e+39 -1.20704e+40 2.96396e+40 -6.19016e+40 1.10019e+41 -1.66266e+41 2.13143e+41 -2.30809e+41 2.09804e+41 -1.58648e+41 9.85436e+40 -4.93946e+40 1.94757e+40 -5.8129e+39 1.23402e+39 -1.65973e+38 1.06276e+37 
2.34443e+20 -2.22704e+23 5.30036e+25 -5.60403e+27 3.32286e+29 -1.25405e+31 3.26052e+32 -6.16338e+33 8.80483e+34 -9.78463e+35 8.64791e+36 -6.18486e+37 3.62845e+38 -1.76509e+39 7.18045e+39 -2.45879e+40 7.12201e+40 -1.75093e+41 3.66085e+41 -6.51328e+41 9.85281e+41 -1.26423e+42 1.3702e+42 -1.24652e+42 9.43313e+41 -5.86364e+41 2.94116e+41 -1.16043e+41 3.46568e+40 -7.36171e+39 9.90692e+38 -6.34704e+37 
-1.10137e+21 1.05159e+24 -2.51395e+26 2.6684e+28 -1.5877e+30 6.01052e+31 -1.56708e+33 2.96968e+34 -4.25204e+35 4.73499e+36 -4.19283e+37 3.00387e+38 -1.76509e+39 8.59917e+39 -3.50297e+40 1.20105e+41 -3.48304e+41 8.57251e+41 -1.79421e+42 3.19533e+42 -4.8381e+42 6.2132e+42 -6.73953e+42 6.13592e+42 -4.64679e+42 2.89045e+42 -1.45078e+42 5.72761e+41 -1.7116e+41 3.6378e+40 -4.89817e+39 3.13972e+38 
4.34253e+21 -4.16476e+24 9.99543e+26 -1.06464e+29 6.3542e+30 -2.41218e+32 6.30485e+33 -1.19751e+35 1.71817e+36 -1.91694e+37 1.70041e+38 -1.22017e+39 7.18045e+39 -3.50297e+40 1.4288e+41 -4.90469e+41 1.42394e+42 -3.50828e+42 7.34993e+42 -1.31016e+43 1.98545e+43 -2.55185e+43 2.77016e+43 -2.5239e+43 1.9127e+43 -1.19054e+43 5.97934e+42 -2.36201e+42 7.06249e+41 -1.50186e+41 2.02324e+40 -1.29754e+39 
-1.4457e+22 1.39196e+25 -3.35229e+27 3.58166e+29 -2.14362e+31 8.15802e+32 -2.13715e+34 4.06761e+35 -5.84719e+36 6.53499e+37 -5.80609e+38 4.17249e+39 -2.45879e+40 1.20105e+41 -4.90469e+41 1.68553e+42 -4.89856e+42 1.20808e+43 -2.53327e+43 4.5196e+43 -6.85472e+43 8.81699e+43 -9.57827e+43 8.73284e+43 -6.6224e+43 4.12463e+43 -2.07277e+43 8.1927e+42 -2.45097e+42 5.21475e+41 -7.02857e+40 4.50966e+39 
4.08198e+22 -3.94387e+25 9.52757e+27 -1.02077e+30 6.12464e+31 -2.33616e+33 6.1327e+34 -1.16944e+36 1.68399e+37 -1.88509e+38 1.67731e+39 -1.20704e+40 7.12201e+40 -3.48304e+41 1.42394e+42 -4.89856e+42 1.42504e+43 -3.51763e+43 7.38269e+43 -1.31822e+44 2.00084e+44 -2.57549e+44 2.7998e+44 -2.55436e+44 1.93826e+44 -1.20793e+44 6.07371e+43 -2.40195e+43 7.18951e+42 -1.53041e+42 2.06371e+41 -1.32471e+40 
-9.80476e+22 9.50236e+25 -2.30195e+28 2.47246e+30 -1.48685e+32 5.68312e+33 -1.49471e+35 2.85521e+36 -4.11809e+37 4.6167e+38 -4.11348e+39 2.96396e+40 -1.75093e+41 8.57251e+41 -3.50828e+42 1.20808e+43 -3.51763e+43 8.69062e+43 -1.82545e+44 3.26194e+44 -4.95472e+44 6.38217e+44 -6.94259e+44 6.33792e+44 -4.81213e+44 3.00062e+44 -1.50959e+44 5.97302e+43 -1.78873e+43 3.80942e+42 -5.13919e+41 3.30033e+40 
2.00682e+23 -1.95033e+26 4.73652e+28 -5.09893e+30 3.07266e+32 -1.17668e+34 3.10015e+35 -5.9314e+36 8.56758e+37 -9.61813e+38 8.5807e+39 -6.19016e+40 3.66085e+41 -1.79421e+42 7.34993e+42 -2.53327e+43 7.38269e+43 -1.82545e+44 3.83728e+44 -6.86195e+44 1.04302e+45 -1.34439e+45 1.46336e+45 -1.3367e+45 1.01548e+45 -6.33548e+44 3.18898e+44 -1.26241e+44 3.78231e+43 -8.05876e+42 1.08766e+42 -6.98773e+40 
-3.50138e+23 3.41134e+26 -8.30351e+28 8.95737e+30 -5.40801e+32 2.0746e+34 -5.47464e+35 1.04899e+37 -1.5173e+38 1.70552e+39 -1.52337e+40 1.10019e+41 -6.51328e+41 3.19533e+42 -1.31016e+43 4.5196e+43 -1.31822e+44 3.26194e+44 -6.86195e+44 1.22793e+45 -1.86768e+45 2.40884e+45 -2.62356e+45 2.39785e+45 -1.82261e+45 1.1377e+45 -5.72945e+44 2.26917e+44 -6.80173e+43 1.44984e+43 -1.9576e+42 1.25818e+41 
5.20205e+23 -5.0798e+26 1.23903e+29 -1.33913e+31 8.09904e+32 -3.1119e+34 8.22412e+35 -1.57799e+37 2.28536e+38 -2.57193e+39 2.2998e+40 -1.66266e+41 9.85281e+41 -4.8381e+42 1.98545e+43 -6.85472e+43 2.00084e+44 -4.95472e+44 1.04302e+45 -1.86768e+45 2.84252e+45 -3.66832e+45 3.99758e+45 -3.65563e+45 2.78008e+45 -1.73622e+45 8.74778e+44 -3.46616e+44 1.03942e+44 -2.21651e+43 2.99398e+42 -1.92501e+41 
-6.56449e+23 6.42349e+26 -1.56974e+29 1.69951e+31 -1.02951e+33 3.96155e+34 -1.0484e+36 2.01416e+37 -2.92053e+38 3.29039e+39 -2.94531e+40 2.13143e+41 -1.26423e+42 6.2132e+42 -2.55185e+43 8.81699e+43 -2.57549e+44 6.38217e+44 -1.34439e+45 2.40884e+45 -3.66832e+45 4.73673e+45 -5.16467e+45 4.72533e+45 -3.59536e+45 2.24644e+45 -1.13236e+45 4.48874e+44 -1.34662e+44 2.87277e+43 -3.88192e+42 2.49684e+41 
7.00558e+23 -6.86809e+26 1.68131e+29 -1.82321e+31 1.10608e+33 -4.26206e+34 1.12936e+36 -2.1723e+37 3.15333e+38 -3.55638e+39 3.18652e+40 -2.30809e+41 1.3702e+42 -6.73953e+42 2.77016e+43 -9.57827e+43 2.7998e+44 -6.94259e+44 1.46336e+45 -2.62356e+45 3.99758e+45 -5.16467e+45 5.63418e+45 -5.15745e+45 3.926e+45 -2.45415e+45 1.23759e+45 -4.90793e+44 1.47297e+44 -3.14351e+43 4.24935e+42 -2.73414e+41 
-6.28218e+23 6.1696e+26 -1.51274e+29 1.64285e+31 -9.98029e+32 3.8506e+34 -1.02155e+36 1.96711e+37 -2.85845e+38 3.22696e+39 -2.89401e+40 2.09804e+41 -1.24652e+42 6.13592e+42 -2.5239e+43 8.73284e+43 -2.55436e+44 6.33792e+44 -1.3367e+45 2.39785e+45 -3.65563e+45 4.72533e+45 -5.15745e+45 4.72329e+45 -3.59714e+45 2.24955e+45 -1.13489e+45 4.50244e+44 -1.35179e+44 2.88597e+43 -3.9026e+42 2.5119e+41 
4.69069e+23 -4.61402e+26 1.133e+29 -1.23213e+31 7.49478e+32 -2.89508e+34 7.68909e+35 -1.48216e+37 2.15587e+38 -2.43604e+39 2.18659e+40 -1.58648e+41 9.43313e+41 -4.64679e+42 1.9127e+43 -6.6224e+43 1.93826e+44 -4.81213e+44 1.01548e+45 -1.82261e+45 2.78008e+45 -3.59536e+45 3.926e+45 -3.59714e+45 2.74068e+45 -1.71465e+45 8.65384e+44 -3.43455e+44 1.03156e+44 -2.20308e+43 2.98017e+42 -1.91881e+41 
-2.87936e+23 2.83649e+26 -6.97473e+28 7.59471e+30 -4.62518e+32 1.7886e+34 -4.75532e+35 9.17538e+36 -1.33583e+38 1.51073e+39 -1.35714e+40 9.85436e+40 -5.86364e+41 2.89045e+42 -1.19054e+43 4.12463e+43 -1.20793e+44 3.00062e+44 -6.33548e+44 1.1377e+45 -1.73622e+45 2.24644e+45 -2.45415e+45 2.24955e+45 -1.71465e+45 1.07317e+45 -5.41837e+44 2.15125e+44 -6.4635e+43 1.38087e+43 -1.86856e+42 1.20348e+41 
1.42738e+23 -1.40806e+26 3.46673e+28 -3.77938e+30 2.3042e+32 -8.91985e+33 2.37382e+35 -4.5845e+36 6.68027e+37 -7.56112e+38 6.79765e+39 -4.93946e+40 2.94116e+41 -1.45078e+42 5.97934e+42 -2.07277e+43 6.07371e+43 -1.50959e+44 3.18898e+44 -5.72945e+44 8.74778e+44 -1.13236e+45 1.23759e+45 -1.13489e+45 8.65384e+44 -5.41837e+44 2.73671e+44 -1.08694e+44 3.26687e+43 -6.9817e+42 9.45048e+41 -6.0886e+40 
-5.56979e+22 5.50141e+25 -1.3561e+28 1.48004e+30 -9.03289e+31 3.50016e+33 -9.32347e+34 1.80218e+36 -2.62817e+37 2.97702e+38 -2.67838e+39 1.94757e+40 -1.16043e+41 5.72761e+41 -2.36201e+42 8.1927e+42 -2.40195e+43 5.97302e+43 -1.26241e+44 2.26917e+44 -3.46616e+44 4.48874e+44 -4.90793e+44 4.50244e+44 -3.43455e+44 2.15125e+44 -1.08694e+44 4.31848e+43 -1.29838e+43 2.77568e+42 -3.75833e+41 2.42208e+40 
1.64624e+22 -1.62797e+25 4.01741e+27 -4.38916e+29 2.68138e+31 -1.03996e+33 2.77258e+34 -5.36362e+35 7.82798e+36 -8.87349e+37 7.98887e+38 -5.8129e+39 3.46568e+40 -1.7116e+41 7.06249e+41 -2.45097e+42 7.18951e+42 -1.78873e+43 3.78231e+43 -6.80173e+43 1.03942e+44 -1.34662e+44 1.47297e+44 -1.35179e+44 1.03156e+44 -6.4635e+43 3.26687e+43 -1.29838e+43 3.90489e+42 -8.35047e+41 1.13101e+41 -7.29095e+39 
-3.46279e+21 3.42816e+24 -8.46862e+26 9.26131e+28 -5.66302e+30 2.19829e+32 -5.86549e+33 1.13557e+35 -1.65853e+36 1.88135e+37 -1.6949e+38 1.23402e+39 -7.36171e+39 3.6378e+40 -1.50186e+41 5.21475e+41 -1.53041e+42 3.80942e+42 -8.05876e+42 1.44984e+43 -2.21651e+43 2.87277e+43 -3.14351e+43 2.88597e+43 -2.20308e+43 1.38087e+43 -6.9817e+42 2.77568e+42 -8.35047e+41 1.78625e+41 -2.42004e+40 1.56049e+39 
4.61705e+20 -4.57564e+23 1.13143e+26 -1.23847e+28 7.57946e+29 -2.94462e+31 7.86293e+32 -1.52339e+34 2.22649e+35 -2.52727e+36 2.27825e+37 -1.65973e+38 9.90692e+38 -4.89817e+39 2.02324e+40 -7.02857e+40 2.06371e+41 -5.13919e+41 1.08766e+42 -1.9576e+42 2.99398e+42 -3.88192e+42 4.24935e+42 -3.9026e+42 2.98017e+42 -1.86856e+42 9.45048e+41 -3.75833e+41 1.13101e+41 -2.42004e+40 3.27961e+39 -2.11533e+38 
-2.9322e+19 2.90874e+22 -7.19913e+24 7.88705e+26 -4.83082e+28 1.87822e+30 -5.01903e+31 9.73077e+32 -1.42312e+34 1.61639e+35 -1.45798e+36 1.06276e+37 -6.34704e+37 3.13972e+38 -1.29754e+39 4.50966e+39 -1.32471e+40 3.30033e+40 -6.98773e+40 1.25818e+41 -1.92501e+41 2.49684e+41 -2.73414e+41 2.5119e+41 -1.91881e+41 1.20348e+41 -6.0886e+40 2.42208e+40 -7.29095e+39 1.56049e+39 -2.11533e+38 1.36473e+37 
---------MatrixC-----------

-8327.69 -2.00544e+06 -1.79172e+09 4.27295e+10 -1.45574e+13 7.6502e+13 -1.71483e+16 1.11224e+17 -8.62756e+17 2.24738e+19 -4.19587e+20 -1.89692e+20 2.20525e+21 5.19979e+22 -2.10992e+23 1.00566e+24 -9.85905e+23 3.00999e+24 -1.31596e+25 -1.38277e+25 -4.39623e+25 4.66711e+25 -1.09323e+26 -3.60517e+25 -8.03145e+25 1.39543e+25 -2.05615e+24 5.80202e+24 -2.12195e+24 2.25567e+23 1.56365e+22 8.84759e+20 
-2715.75 -9.74061e+06 -3.6651e+08 -1.74777e+11 -5.32455e+12 -5.24029e+13 -1.53112e+16 -6.07524e+16 2.27112e+18 -1.36149e+18 -2.93635e+19 -1.58973e+21 1.09974e+22 -3.13652e+22 -2.05589e+22 2.22053e+23 1.48482e+24 -2.11245e+24 1.08969e+24 -4.43188e+25 -3.25223e+25 1.43442e+24 -4.00941e+25 -9.43293e+25 -4.89709e+25 -1.3155e+25 1.27548e+25 6.767e+23 -2.79874e+23 -2.31295e+23 6.54381e+22 -1.36589e+21 
-9144.69 -2.20038e+06 -1.53788e+09 -1.50009e+10 -1.33607e+13 1.41764e+14 -1.77684e+16 8.21401e+16 4.65489e+16 2.49049e+19 -2.22964e+20 5.52376e+20 -2.74439e+21 4.00289e+22 -2.25221e+23 8.96429e+23 -7.2658e+23 2.39675e+24 -1.659e+25 -4.34664e+24 -6.06063e+25 1.8406e+25 -6.62377e+25 -3.26552e+25 -8.76324e+25 1.82233e+25 -1.04128e+24 2.77882e+24 -1.56982e+24 8.41725e+22 3.13618e+22 9.14555e+20 
-4906.12 -6.20454e+06 -2.02719e+08 -1.12265e+11 -5.72304e+12 -7.29328e+13 -6.32054e+15 1.97802e+16 1.58178e+18 5.13833e+18 -7.8849e+19 -8.25366e+20 8.97232e+21 -1.05613e+22 -2.4857e+22 5.00737e+23 7.51557e+23 -1.75716e+24 1.71938e+24 -3.24663e+25 -7.46429e+24 -8.76943e+24 -5.67516e+25 -7.17215e+25 -5.08723e+25 -4.95052e+24 5.76011e+24 -9.31192e+22 -1.01138e+24 -1.1253e+23 4.64944e+22 -9.21184e+20 
-7137.69 -3.10688e+06 -8.55409e+08 -5.26385e+10 -1.46893e+13 6.18561e+13 -1.73682e+16 8.27756e+16 4.3801e+17 1.93517e+19 -3.1572e+20 2.67946e+20 1.67837e+21 3.40095e+22 -6.91845e+22 9.57358e+23 1.09389e+23 1.81044e+24 -1.14253e+25 -1.79766e+25 -5.53355e+25 1.96214e+24 -7.60531e+25 -5.35392e+25 -5.83814e+25 7.64374e+24 2.89363e+24 2.0373e+24 -9.31597e+23 1.09292e+23 2.57995e+22 8.60692e+20 
-1081.69 -7.34752e+06 -5.29121e+08 -1.32074e+11 -3.64857e+12 -6.10487e+13 -1.12984e+16 -4.2837e+15 1.21112e+18 4.94777e+18 -1.48114e+20 -8.03118e+20 5.94634e+21 -3.30946e+21 1.63715e+21 2.75032e+23 4.35269e+23 -4.06124e+23 -1.58406e+24 -3.27596e+25 -7.80046e+24 3.84283e+24 -4.76882e+25 -5.75007e+25 -4.4949e+25 2.03564e+24 6.57221e+24 7.50893e+23 -5.93727e+23 -3.62017e+21 3.23002e+22 1.93186e+20 
-6027.75 -2.06726e+06 -8.52558e+08 -7.00029e+10 -1.02775e+13 7.07209e+13 -1.37758e+16 9.03051e+16 2.98363e+17 1.84085e+19 -2.3539e+20 -3.56487e+20 1.02754e+20 3.61608e+22 -1.79021e+23 7.54924e+23 -6.36782e+23 1.14982e+24 -3.97948e+24 -2.06837e+25 -4.69698e+25 1.68819e+25 -6.46681e+25 -4.74769e+25 -7.36565e+25 1.07909e+25 -1.72263e+24 3.21811e+24 -1.33451e+24 3.96743e+22 2.34199e+22 8.01605e+20 
-4262.19 -7.07571e+06 -3.43966e+08 -1.07313e+11 -3.8444e+12 -4.24257e+13 -7.20964e+15 -3.48897e+16 1.72365e+18 1.81354e+18 2.36597e+19 -7.36303e+20 6.14738e+21 1.22976e+22 -3.33725e+22 2.2671e+23 4.10938e+23 -1.67164e+24 1.05766e+24 -3.0157e+25 -1.43929e+25 8.03983e+23 -5.78201e+25 -7.54941e+25 -4.09792e+25 6.17154e+23 6.11045e+24 1.03184e+24 -1.5962e+23 -9.42652e+22 3.03939e+22 -6.73666e+20 
-3816.38 -1.98995e+06 -8.43563e+08 -3.33888e+10 -9.2519e+12 1.08551e+14 -1.19354e+16 1.12082e+17 2.15223e+17 1.8344e+19 -2.11766e+20 2.25828e+20 3.7787e+20 2.35536e+22 -1.49188e+23 8.88349e+23 -5.9417e+23 2.48286e+24 -6.4447e+24 -1.58099e+25 -3.36303e+25 2.62983e+25 -5.61129e+25 -3.83881e+25 -7.17139e+25 7.99467e+24 1.75569e+24 1.54683e+24 -7.74284e+23 2.03813e+22 2.04283e+22 8.48118e+20 
-4092.75 -3.3959e+06 -4.03096e+08 -8.46851e+10 -6.37823e+12 -1.51887e+14 -9.83493e+15 2.82465e+16 8.40062e+17 4.36821e+18 -9.58389e+19 -1.2188e+21 6.55306e+21 1.43666e+22 -6.06898e+22 3.42907e+23 1.94687e+23 -3.33222e+23 -4.07171e+24 -1.98832e+25 -2.39064e+25 -7.67857e+24 -3.97257e+25 -4.94615e+25 -5.73714e+25 -2.04951e+24 3.57395e+24 1.85762e+24 -6.12653e+23 -2.22329e+22 3.34163e+22 -2.47698e+20 
-5019.75 -1.85523e+06 -2.50364e+08 -1.06501e+11 -8.38948e+12 5.44602e+12 -1.14182e+16 1.15295e+16 6.10906e+17 4.54976e+18 -1.76233e+20 -3.49083e+20 1.59218e+21 7.49168e+21 -1.45104e+23 4.80879e+23 2.74672e+22 1.45316e+24 -6.2713e+24 -2.04e+25 -2.80972e+25 1.42462e+25 -4.6909e+25 -4.20361e+25 -5.71303e+25 1.3872e+23 3.41339e+23 9.51631e+23 -6.87067e+23 -2.14628e+22 3.00881e+22 8.82165e+20 
-4256.81 -2.52339e+06 -5.34528e+08 -8.22482e+10 -6.27314e+12 9.42745e+12 -1.23233e+16 2.97132e+16 4.35688e+17 1.03177e+19 -1.61702e+20 -7.49885e+20 2.92828e+21 -2.67881e+21 -5.09707e+22 4.95526e+23 2.50193e+23 1.87795e+24 -4.26754e+24 -1.69855e+25 -3.21174e+25 8.80485e+24 -4.83641e+25 -4.31241e+25 -5.15718e+25 8.04514e+24 3.63622e+23 1.91248e+24 -8.82917e+23 1.19973e+22 2.26572e+22 4.8538e+20 
-3090.81 -4.80819e+06 -1.57581e+08 -6.18932e+10 -2.78005e+12 -4.8065e+13 -7.02224e+15 -7.13363e+15 1.29056e+18 8.09972e+18 -1.44446e+20 1.51357e+20 1.1571e+21 1.33399e+22 -3.66514e+22 2.64563e+23 8.56113e+22 8.33793e+23 -2.23988e+24 -2.36033e+25 -2.49043e+25 1.99721e+25 -4.39759e+25 -5.82162e+25 -3.64354e+25 2.36945e+24 3.59298e+24 3.81516e+23 -1.00784e+24 -2.29477e+22 2.96886e+22 1.65534e+20 
-3133.94 -3.16179e+06 -4.63389e+08 -5.18888e+10 -7.01093e+12 4.75582e+13 -1.18617e+16 3.45335e+16 5.73452e+17 1.3886e+19 -2.431e+20 -3.13216e+20 -1.57503e+21 1.27657e+22 -9.11707e+22 5.65955e+23 -4.30178e+22 -7.78526e+23 -5.33642e+24 -1.52161e+25 -3.13338e+25 1.27126e+25 -4.73364e+25 -2.66282e+25 -4.94771e+25 1.88791e+24 7.80666e+23 1.57399e+24 -9.40719e+23 -2.39692e+22 2.24641e+22 7.97786e+20 
-1918.38 -3.69062e+06 -2.75661e+08 -9.55179e+10 -6.80658e+12 -1.00103e+14 -8.39889e+15 1.16174e+16 4.093e+17 2.6059e+18 -1.7249e+20 -9.32317e+20 6.17433e+21 -2.49146e+21 -8.84152e+22 4.11187e+23 4.75004e+23 5.26396e+23 -2.76185e+24 -1.35213e+25 -2.10243e+25 1.3104e+25 -4.24175e+25 -3.29314e+25 -4.05011e+25 5.82681e+24 4.99508e+24 2.5161e+24 -8.80518e+23 2.04159e+22 3.59046e+22 -2.77602e+20 
-4961.81 -1.46867e+06 -7.94853e+08 -5.94071e+10 -6.59049e+12 -1.82278e+13 -1.12043e+16 -5.50196e+15 7.7476e+17 6.57469e+18 -1.14621e+20 -4.9028e+20 1.37241e+21 3.89515e+21 -6.00534e+22 3.35048e+23 -2.04943e+22 -1.15322e+24 -3.65305e+24 -2.71236e+25 -3.13807e+25 5.16745e+24 -4.40975e+25 -4.99497e+25 -4.47199e+25 3.06688e+24 3.88946e+24 1.2467e+24 -5.85324e+23 -6.7967e+22 3.27917e+22 3.99271e+20 
-3052.81 -2.83059e+06 -7.75447e+08 -5.59027e+10 -7.07965e+12 -8.45357e+13 -1.29876e+16 2.73196e+16 5.31865e+17 1.29411e+19 -2.58768e+20 9.43234e+19 -5.31713e+20 1.84537e+22 -1.24183e+23 3.13705e+23 -3.59675e+23 -1.38085e+24 -5.69252e+24 -1.23502e+25 -2.46962e+25 1.72163e+25 -4.08142e+25 -3.68746e+25 -4.31099e+25 4.26179e+24 1.66375e+24 1.52532e+24 -1.22437e+24 8.24108e+21 2.42794e+22 9.82902e+20 
-3864.75 -2.30323e+06 -5.67296e+08 -6.11236e+10 -3.43946e+12 -8.89058e+12 -9.92378e+15 2.09039e+16 1.27644e+18 8.36544e+18 -1.29006e+20 -9.88828e+20 2.51387e+21 1.33059e+22 -7.98444e+22 3.71305e+23 8.44898e+23 1.03571e+24 -3.31776e+24 -1.69104e+25 -1.39685e+25 8.26857e+24 -3.4978e+25 -3.24255e+25 -3.41749e+25 3.05419e+24 2.29123e+24 4.90683e+22 -5.23731e+23 5.64009e+21 2.12103e+22 6.33116e+20 
-3458.69 -2.0784e+06 -5.57711e+08 1.75437e+10 -8.15245e+12 3.77377e+13 -6.98623e+15 2.18506e+16 1.10817e+18 1.54099e+19 -1.35509e+20 -5.8055e+20 9.35308e+20 1.94238e+22 -6.40909e+22 7.19681e+23 -1.30289e+23 1.80656e+24 -4.59944e+24 -1.69633e+25 -2.81633e+25 2.4188e+25 -3.66727e+25 -3.0755e+25 -4.18599e+25 9.2858e+24 1.70795e+24 2.07755e+24 -6.19266e+23 1.9964e+22 2.0507e+22 8.62728e+20 
